peaks = [
[1.7870625 1.790125  1.793875  1.7996875 1.807     1.817125  1.82875]
[1.7866875 1.7898125 1.794625  1.799625  1.8069375 1.816375  1.82875],
[1.787     1.78725   1.789625  1.7953125 1.7995625 1.8069375 1.815625],
[1.7866875 1.7898125 1.7961875 1.799625  1.8069375 1.8149375 1.82875],
[1.7870625 1.790125  1.79675   1.7996875 1.807     1.8141875 1.82875],
[1.7876875 1.79025   1.7940625 1.800375  1.8070625 1.817125  1.828],
[1.7875625 1.79    1.79475   1.8003125 1.807     1.8164375 1.828],
[1.7871875 1.7900625 1.7954375 1.8003125 1.807     1.8156875 1.828],
[1.7874375 1.7899375 1.7961875 1.8003125 1.807     1.815     1.828],
1.7876875 1.79025   1.796875  1.800375  1.8070625 1.81425   1.828]
]
